    0.10000E-03    0.42923E+03
    0.10202E-03    0.43758E+03
    0.10408E-03    0.44608E+03
    0.10618E-03    0.45476E+03
    0.10833E-03    0.46359E+03
    0.11052E-03    0.47261E+03
    0.11275E-03    0.48179E+03
    0.11503E-03    0.49115E+03
    0.11735E-03    0.50070E+03
    0.11972E-03    0.51042E+03
    0.12214E-03    0.52034E+03
    0.12461E-03    0.53045E+03
    0.12712E-03    0.54075E+03
    0.12969E-03    0.55125E+03
    0.13231E-03    0.56195E+03
    0.13499E-03    0.57286E+03
    0.13771E-03    0.58398E+03
    0.14049E-03    0.59531E+03
    0.14333E-03    0.60686E+03
    0.14623E-03    0.61863E+03
    0.14918E-03    0.63063E+03
    0.15220E-03    0.64286E+03
    0.15527E-03    0.65533E+03
    0.15841E-03    0.66803E+03
    0.16161E-03    0.68098E+03
    0.16487E-03    0.69417E+03
    0.16820E-03    0.70762E+03
    0.17160E-03    0.72132E+03
    0.17507E-03    0.73529E+03
    0.17860E-03    0.74952E+03
    0.18221E-03    0.76402E+03
    0.18589E-03    0.77880E+03
    0.18965E-03    0.79387E+03
    0.19348E-03    0.80921E+03
    0.19739E-03    0.82486E+03
    0.20138E-03    0.84079E+03
    0.20544E-03    0.85703E+03
    0.20959E-03    0.87358E+03
    0.21383E-03    0.89044E+03
    0.21815E-03    0.90762E+03
    0.22255E-03    0.92513E+03
    0.22705E-03    0.94296E+03
    0.23164E-03    0.96113E+03
    0.23632E-03    0.97964E+03
    0.24109E-03    0.99850E+03
    0.24596E-03    0.10177E+04
    0.25093E-03    0.10373E+04
    0.25600E-03    0.10572E+04
    0.26117E-03    0.10775E+04
    0.26645E-03    0.10982E+04
    0.27183E-03    0.11193E+04
    0.27732E-03    0.11408E+04
    0.28292E-03    0.11626E+04
    0.28864E-03    0.11849E+04
    0.29447E-03    0.12076E+04
    0.30042E-03    0.12307E+04
    0.30649E-03    0.12542E+04
    0.31268E-03    0.12782E+04
    0.31899E-03    0.13026E+04
    0.32544E-03    0.13274E+04
    0.33201E-03    0.13527E+04
    0.33872E-03    0.13784E+04
    0.34556E-03    0.14047E+04
    0.35254E-03    0.14313E+04
    0.35966E-03    0.14585E+04
    0.36693E-03    0.14862E+04
    0.37434E-03    0.15143E+04
    0.38190E-03    0.15430E+04
    0.38962E-03    0.15721E+04
    0.39749E-03    0.16018E+04
    0.40552E-03    0.16320E+04
    0.41371E-03    0.16628E+04
    0.42207E-03    0.16940E+04
    0.43060E-03    0.17258E+04
    0.43929E-03    0.17582E+04
    0.44817E-03    0.17911E+04
    0.45722E-03    0.18246E+04
    0.46646E-03    0.18587E+04
    0.47588E-03    0.18934E+04
    0.48550E-03    0.19286E+04
    0.49530E-03    0.19645E+04
    0.50531E-03    0.20009E+04
    0.51552E-03    0.20379E+04
    0.52593E-03    0.20756E+04
    0.53656E-03    0.21139E+04
    0.54739E-03    0.21528E+04
    0.55845E-03    0.21924E+04
    0.56973E-03    0.22326E+04
    0.58124E-03    0.22734E+04
    0.59299E-03    0.23149E+04
    0.60496E-03    0.23571E+04
    0.61719E-03    0.23999E+04
    0.62965E-03    0.24435E+04
    0.64237E-03    0.24877E+04
    0.65535E-03    0.25325E+04
    0.66859E-03    0.25781E+04
    0.68210E-03    0.26244E+04
    0.69588E-03    0.26714E+04
    0.70993E-03    0.27191E+04
    0.72427E-03    0.27675E+04
    0.73891E-03    0.28167E+04
    0.75383E-03    0.28666E+04
    0.76906E-03    0.29172E+04
    0.78460E-03    0.29686E+04
    0.80045E-03    0.30207E+04
    0.81662E-03    0.30736E+04
    0.83311E-03    0.31273E+04
    0.84994E-03    0.31818E+04
    0.86711E-03    0.32370E+04
    0.88463E-03    0.32930E+04
    0.90250E-03    0.33499E+04
    0.92073E-03    0.34075E+04
    0.93933E-03    0.34660E+04
    0.95831E-03    0.35253E+04
    0.97767E-03    0.35855E+04
    0.99742E-03    0.36465E+04
    0.10176E-02    0.37084E+04
    0.10381E-02    0.37712E+04
    0.10591E-02    0.38349E+04
    0.10805E-02    0.38995E+04
    0.11023E-02    0.39651E+04
    0.11246E-02    0.40316E+04
    0.11473E-02    0.40990E+04
    0.11705E-02    0.41675E+04
    0.11941E-02    0.42369E+04
    0.12182E-02    0.43074E+04
    0.12429E-02    0.43789E+04
    0.12680E-02    0.44515E+04
    0.12936E-02    0.45251E+04
    0.13197E-02    0.45998E+04
    0.13464E-02    0.46756E+04
    0.13736E-02    0.47525E+04
    0.14013E-02    0.48305E+04
    0.14296E-02    0.49096E+04
    0.14585E-02    0.49898E+04
    0.14880E-02    0.50712E+04
    0.15180E-02    0.51537E+04
    0.15487E-02    0.52373E+04
    0.15800E-02    0.53220E+04
    0.16119E-02    0.54078E+04
    0.16445E-02    0.54947E+04
    0.16777E-02    0.55828E+04
    0.17116E-02    0.56719E+04
    0.17462E-02    0.57621E+04
    0.17814E-02    0.58533E+04
    0.18174E-02    0.59457E+04
    0.18541E-02    0.60391E+04
    0.18916E-02    0.61337E+04
    0.19298E-02    0.62293E+04
    0.19688E-02    0.63260E+04
    0.20086E-02    0.64239E+04
    0.20491E-02    0.65229E+04
    0.20905E-02    0.66230E+04
    0.21328E-02    0.67243E+04
    0.21758E-02    0.68269E+04
    0.22198E-02    0.69306E+04
    0.22646E-02    0.70355E+04
    0.23104E-02    0.71416E+04
    0.23571E-02    0.72489E+04
    0.24047E-02    0.73574E+04
    0.24533E-02    0.74670E+04
    0.25028E-02    0.75777E+04
    0.25534E-02    0.76896E+04
    0.26050E-02    0.78025E+04
    0.26576E-02    0.79165E+04
    0.27113E-02    0.80316E+04
    0.27660E-02    0.81477E+04
    0.28219E-02    0.82649E+04
    0.28789E-02    0.83832E+04
    0.29371E-02    0.85025E+04
    0.29964E-02    0.86230E+04
    0.30569E-02    0.87445E+04
    0.31187E-02    0.88670E+04
    0.31817E-02    0.89907E+04
    0.32460E-02    0.91153E+04
    0.33115E-02    0.92409E+04
    0.33784E-02    0.93675E+04
    0.34467E-02    0.94949E+04
    0.35163E-02    0.96232E+04
    0.35874E-02    0.97524E+04
    0.36598E-02    0.98824E+04
    0.37338E-02    0.10013E+05
    0.38092E-02    0.10145E+05
    0.38861E-02    0.10278E+05
    0.39646E-02    0.10411E+05
    0.40447E-02    0.10545E+05
    0.41264E-02    0.10679E+05
    0.42098E-02    0.10815E+05
    0.42948E-02    0.10950E+05
    0.43816E-02    0.11087E+05
    0.44701E-02    0.11224E+05
    0.45604E-02    0.11361E+05
    0.46525E-02    0.11499E+05
    0.47465E-02    0.11637E+05
    0.48424E-02    0.11775E+05
    0.49402E-02    0.11914E+05
    0.50400E-02    0.12053E+05
    0.51419E-02    0.12191E+05
    0.52457E-02    0.12331E+05
    0.53517E-02    0.12470E+05
    0.54598E-02    0.12609E+05
    0.55701E-02    0.12747E+05
    0.56826E-02    0.12886E+05
    0.57974E-02    0.13025E+05
    0.59145E-02    0.13163E+05
    0.60340E-02    0.13301E+05
    0.61559E-02    0.13438E+05
    0.62803E-02    0.13574E+05
    0.64072E-02    0.13711E+05
    0.65366E-02    0.13846E+05
    0.66686E-02    0.13980E+05
    0.68033E-02    0.14114E+05
    0.69408E-02    0.14247E+05
    0.70810E-02    0.14378E+05
    0.72240E-02    0.14509E+05
    0.73700E-02    0.14638E+05
    0.75189E-02    0.14766E+05
    0.76708E-02    0.14892E+05
    0.78257E-02    0.15016E+05
    0.79838E-02    0.15139E+05
    0.81451E-02    0.15261E+05
    0.83096E-02    0.15380E+05
    0.84775E-02    0.15497E+05
    0.86488E-02    0.15612E+05
    0.88235E-02    0.15725E+05
    0.90017E-02    0.15835E+05
    0.91836E-02    0.15943E+05
    0.93691E-02    0.16048E+05
    0.95583E-02    0.16150E+05
    0.97514E-02    0.16249E+05
    0.99484E-02    0.16345E+05
    0.10149E-01    0.16438E+05
    0.10354E-01    0.16528E+05
    0.10564E-01    0.16614E+05
    0.10777E-01    0.16696E+05
    0.10995E-01    0.16775E+05
    0.11217E-01    0.16850E+05
    0.11443E-01    0.16920E+05
    0.11675E-01    0.16987E+05
    0.11910E-01    0.17048E+05
    0.12151E-01    0.17106E+05
    0.12397E-01    0.17158E+05
    0.12647E-01    0.17205E+05
    0.12902E-01    0.17248E+05
    0.13163E-01    0.17285E+05
    0.13429E-01    0.17317E+05
    0.13700E-01    0.17344E+05
    0.13977E-01    0.17365E+05
    0.14259E-01    0.17381E+05
    0.14547E-01    0.17390E+05
    0.14841E-01    0.17392E+05
    0.15141E-01    0.17387E+05
    0.15447E-01    0.17374E+05
    0.15759E-01    0.17355E+05
    0.16077E-01    0.17331E+05
    0.16402E-01    0.17303E+05
    0.16734E-01    0.17272E+05
    0.17072E-01    0.17239E+05
    0.17416E-01    0.17200E+05
    0.17768E-01    0.17155E+05
    0.18127E-01    0.17102E+05
    0.18493E-01    0.17039E+05
    0.18867E-01    0.16965E+05
    0.19248E-01    0.16880E+05
    0.19637E-01    0.16785E+05
    0.20034E-01    0.16679E+05
    0.20438E-01    0.16564E+05
    0.20851E-01    0.16439E+05
    0.21272E-01    0.16307E+05
    0.21702E-01    0.16166E+05
    0.22141E-01    0.16019E+05
    0.22588E-01    0.15866E+05
    0.23044E-01    0.15708E+05
    0.23510E-01    0.15545E+05
    0.23985E-01    0.15376E+05
    0.24469E-01    0.15202E+05
    0.24964E-01    0.15023E+05
    0.25468E-01    0.14839E+05
    0.25982E-01    0.14649E+05
    0.26507E-01    0.14453E+05
    0.27043E-01    0.14251E+05
    0.27589E-01    0.14042E+05
    0.28146E-01    0.13828E+05
    0.28715E-01    0.13608E+05
    0.29295E-01    0.13384E+05
    0.29887E-01    0.13155E+05
    0.30490E-01    0.12923E+05
    0.31106E-01    0.12687E+05
    0.31735E-01    0.12450E+05
    0.32376E-01    0.12211E+05
    0.33030E-01    0.11972E+05
    0.33697E-01    0.11733E+05
    0.34378E-01    0.11495E+05
    0.35072E-01    0.11258E+05
    0.35781E-01    0.11023E+05
    0.36504E-01    0.10790E+05
    0.37241E-01    0.10560E+05
    0.37993E-01    0.10333E+05
    0.38761E-01    0.10109E+05
    0.39544E-01    0.98893E+04
    0.40343E-01    0.96736E+04
    0.41158E-01    0.94623E+04
    0.41989E-01    0.92559E+04
    0.42838E-01    0.90554E+04
    0.43703E-01    0.88615E+04
    0.44586E-01    0.86748E+04
    0.45486E-01    0.84959E+04
    0.46405E-01    0.83250E+04
    0.47343E-01    0.81620E+04
    0.48299E-01    0.80067E+04
    0.49275E-01    0.78589E+04
    0.50270E-01    0.77185E+04
    0.51286E-01    0.75850E+04
    0.52322E-01    0.74579E+04
    0.53379E-01    0.73368E+04
    0.54457E-01    0.72212E+04
    0.55557E-01    0.71106E+04
    0.56680E-01    0.70043E+04
    0.57825E-01    0.69020E+04
    0.58993E-01    0.68029E+04
    0.60184E-01    0.67064E+04
    0.61400E-01    0.66116E+04
    0.62641E-01    0.65174E+04
    0.63906E-01    0.64229E+04
    0.65197E-01    0.63269E+04
    0.66514E-01    0.62280E+04
    0.67858E-01    0.61249E+04
    0.69229E-01    0.60170E+04
    0.70627E-01    0.59050E+04
    0.72054E-01    0.57896E+04
    0.73510E-01    0.56711E+04
    0.74994E-01    0.55469E+04
    0.76509E-01    0.54145E+04
    0.78055E-01    0.52724E+04
    0.79632E-01    0.51221E+04
    0.81241E-01    0.49660E+04
    0.82882E-01    0.48059E+04
    0.84556E-01    0.46427E+04
    0.86264E-01    0.44773E+04
    0.88007E-01    0.43109E+04
    0.89785E-01    0.41452E+04
    0.91598E-01    0.39817E+04
    0.93449E-01    0.38221E+04
    0.95337E-01    0.36678E+04
    0.97263E-01    0.35203E+04
    0.99227E-01    0.33813E+04
    0.10123E+00    0.32519E+04
    0.10328E+00    0.31332E+04
    0.10536E+00    0.30258E+04
    0.10749E+00    0.29301E+04
    0.10966E+00    0.28457E+04
    0.11188E+00    0.27720E+04
    0.11414E+00    0.27080E+04
    0.11644E+00    0.26519E+04
    0.11880E+00    0.26020E+04
    0.12120E+00    0.25564E+04
    0.12365E+00    0.25129E+04
    0.12614E+00    0.24695E+04
    0.12869E+00    0.24243E+04
    0.13129E+00    0.23754E+04
    0.13394E+00    0.23211E+04
    0.13665E+00    0.22605E+04
    0.13941E+00    0.21929E+04
    0.14223E+00    0.21186E+04
    0.14510E+00    0.20384E+04
    0.14803E+00    0.19537E+04
    0.15102E+00    0.18665E+04
    0.15407E+00    0.17789E+04
    0.15718E+00    0.16932E+04
    0.16036E+00    0.16115E+04
    0.16360E+00    0.15362E+04
    0.16690E+00    0.14687E+04
    0.17028E+00    0.14100E+04
    0.17371E+00    0.13604E+04
    0.17722E+00    0.13190E+04
    0.18080E+00    0.12845E+04
    0.18446E+00    0.12549E+04
    0.18818E+00    0.12282E+04
    0.19198E+00    0.12021E+04
    0.19586E+00    0.11745E+04
    0.19982E+00    0.11436E+04
    0.20386E+00    0.11081E+04
    0.20797E+00    0.10678E+04
    0.21218E+00    0.10235E+04
    0.21646E+00    0.97681E+03
    0.22083E+00    0.92962E+03
    0.22530E+00    0.88399E+03
    0.22985E+00    0.84177E+03
    0.23449E+00    0.80430E+03
    0.23923E+00    0.77218E+03
    0.24406E+00    0.74519E+03
    0.24899E+00    0.72240E+03
    0.25402E+00    0.70238E+03
    0.25915E+00    0.68332E+03
    0.26439E+00    0.66344E+03
    0.26973E+00    0.64149E+03
    0.27518E+00    0.61715E+03
    0.28074E+00    0.59097E+03
    0.28641E+00    0.56398E+03
    0.29219E+00    0.53744E+03
    0.29810E+00    0.51264E+03
    0.30412E+00    0.49056E+03
    0.31026E+00    0.47144E+03
    0.31653E+00    0.45475E+03
    0.32292E+00    0.43960E+03
    0.32945E+00    0.42495E+03
    0.33610E+00    0.40987E+03
    0.34289E+00    0.39387E+03
    0.34982E+00    0.37713E+03
    0.35689E+00    0.36033E+03
    0.36409E+00    0.34419E+03
    0.37145E+00    0.32932E+03
    0.37895E+00    0.31595E+03
    0.38661E+00    0.30385E+03
    0.39442E+00    0.29250E+03
    0.40239E+00    0.28138E+03
    0.41052E+00    0.27010E+03
    0.41881E+00    0.25867E+03
    0.42727E+00    0.24741E+03
    0.43590E+00    0.23665E+03
    0.44471E+00    0.22663E+03
    0.45369E+00    0.21739E+03
    0.46286E+00    0.20866E+03
    0.47221E+00    0.20021E+03
    0.48174E+00    0.19188E+03
    0.49148E+00    0.18366E+03
    0.50141E+00    0.17572E+03
    0.51153E+00    0.16817E+03
    0.52187E+00    0.16107E+03
    0.53241E+00    0.15435E+03
    0.54317E+00    0.14785E+03
    0.55414E+00    0.14155E+03
    0.56533E+00    0.13542E+03
    0.57675E+00    0.12956E+03
    0.58840E+00    0.12399E+03
    0.60029E+00    0.11866E+03
    0.61242E+00    0.11355E+03
    0.62479E+00    0.10864E+03
    0.63741E+00    0.10392E+03
    0.65029E+00    0.99380E+02
    0.66342E+00    0.95035E+02
    0.67683E+00    0.90881E+02
    0.69050E+00    0.86905E+02
    0.70445E+00    0.83096E+02
    0.71868E+00    0.79445E+02
    0.73320E+00    0.75946E+02
    0.74801E+00    0.72593E+02
    0.76312E+00    0.69380E+02
    0.77854E+00    0.66302E+02
    0.79426E+00    0.63354E+02
    0.81031E+00    0.60532E+02
    0.82668E+00    0.57829E+02
    0.84338E+00    0.55241E+02
    0.86041E+00    0.52764E+02
    0.87780E+00    0.50394E+02
    0.89553E+00    0.48125E+02
    0.91362E+00    0.45955E+02
    0.93208E+00    0.43878E+02
    0.95091E+00    0.41892E+02
    0.97011E+00    0.39993E+02
    0.98971E+00    0.38177E+02
    0.10097E+01    0.36440E+02
    0.10301E+01    0.34779E+02
    0.10509E+01    0.33192E+02
    0.10721E+01    0.31675E+02
    0.10938E+01    0.30224E+02
    0.11159E+01    0.28838E+02
    0.11384E+01    0.27514E+02
    0.11614E+01    0.26248E+02
    0.11849E+01    0.25039E+02
    0.12088E+01    0.23883E+02
    0.12333E+01    0.22779E+02
    0.12582E+01    0.21725E+02
    0.12836E+01    0.20718E+02
    0.13095E+01    0.19756E+02
    0.13360E+01    0.18838E+02
    0.13630E+01    0.17961E+02
    0.13905E+01    0.17124E+02
    0.14186E+01    0.16324E+02
    0.14472E+01    0.15561E+02
    0.14765E+01    0.14832E+02
    0.15063E+01    0.14137E+02
    0.15367E+01    0.13473E+02
    0.15678E+01    0.12839E+02
    0.15994E+01    0.12235E+02
    0.16318E+01    0.11658E+02
    0.16647E+01    0.11107E+02
    0.16984E+01    0.10582E+02
    0.17327E+01    0.10080E+02
    0.17677E+01    0.96021E+01
    0.18034E+01    0.91459E+01
    0.18398E+01    0.87106E+01
    0.18770E+01    0.82955E+01
    0.19149E+01    0.78996E+01
    0.19536E+01    0.75220E+01
    0.19930E+01    0.71619E+01
    0.20333E+01    0.68186E+01
    0.20744E+01    0.64914E+01
    0.21163E+01    0.61796E+01
    0.21590E+01    0.58824E+01
    0.22026E+01    0.55992E+01
    0.22471E+01    0.53295E+01
    0.22925E+01    0.50725E+01
    0.23388E+01    0.48278E+01
    0.23861E+01    0.45948E+01
    0.24343E+01    0.43729E+01
    0.24835E+01    0.41616E+01
    0.25336E+01    0.39605E+01
    0.25848E+01    0.37691E+01
    0.26370E+01    0.35868E+01
