  0.105130E-04  0.198994E+08  0.198994E+08  0.265188E+08  0.265185E+08  0.000000E+00  0.198994E+08
  0.116134E-04  0.198993E+08  0.198993E+08  0.265157E+08  0.265153E+08  0.000000E+00  0.198993E+08
  0.128289E-04  0.198993E+08  0.198993E+08  0.265120E+08  0.265115E+08  0.000000E+00  0.198993E+08
  0.141717E-04  0.198993E+08  0.198993E+08  0.265075E+08  0.265069E+08  0.000000E+00  0.198993E+08
  0.156550E-04  0.198992E+08  0.198992E+08  0.265019E+08  0.265012E+08  0.000000E+00  0.198992E+08
  0.172935E-04  0.198992E+08  0.198992E+08  0.264951E+08  0.264943E+08  0.000000E+00  0.198992E+08
  0.191036E-04  0.198991E+08  0.198991E+08  0.264869E+08  0.264859E+08  0.000000E+00  0.198991E+08
  0.211031E-04  0.198990E+08  0.198990E+08  0.264768E+08  0.264756E+08  0.000000E+00  0.198990E+08
  0.233119E-04  0.198989E+08  0.198989E+08  0.264645E+08  0.264630E+08  0.000000E+00  0.198989E+08
  0.257519E-04  0.198988E+08  0.198988E+08  0.264496E+08  0.264477E+08  0.000000E+00  0.198988E+08
  0.284473E-04  0.198986E+08  0.198986E+08  0.264313E+08  0.264290E+08  0.000000E+00  0.198986E+08
  0.314248E-04  0.198985E+08  0.198985E+08  0.264090E+08  0.264062E+08  0.000000E+00  0.198985E+08
  0.347140E-04  0.198982E+08  0.198982E+08  0.263818E+08  0.263784E+08  0.000000E+00  0.198982E+08
  0.383474E-04  0.198980E+08  0.198980E+08  0.263487E+08  0.263446E+08  0.000000E+00  0.198980E+08
  0.423611E-04  0.198976E+08  0.198976E+08  0.263084E+08  0.263033E+08  0.000000E+00  0.198976E+08
  0.467950E-04  0.198972E+08  0.198972E+08  0.262592E+08  0.262531E+08  0.000000E+00  0.198972E+08
  0.516929E-04  0.198967E+08  0.198967E+08  0.261993E+08  0.261918E+08  0.000000E+00  0.198967E+08
  0.571034E-04  0.198961E+08  0.198961E+08  0.261264E+08  0.261173E+08  0.000000E+00  0.198961E+08
  0.630803E-04  0.198954E+08  0.198953E+08  0.260376E+08  0.260266E+08  0.000000E+00  0.198954E+08
  0.696827E-04  0.198945E+08  0.198944E+08  0.259297E+08  0.259163E+08  0.000000E+00  0.198944E+08
  0.769762E-04  0.198933E+08  0.198933E+08  0.257986E+08  0.257823E+08  0.000000E+00  0.198933E+08
  0.850331E-04  0.198920E+08  0.198920E+08  0.256395E+08  0.256196E+08  0.000000E+00  0.198920E+08
  0.939333E-04  0.198904E+08  0.198903E+08  0.254465E+08  0.254224E+08  0.000000E+00  0.198904E+08
  0.103765E-03  0.198884E+08  0.198883E+08  0.252127E+08  0.251836E+08  0.000000E+00  0.198883E+08
  0.114626E-03  0.198859E+08  0.198859E+08  0.249302E+08  0.248949E+08  0.000000E+00  0.198859E+08
  0.126623E-03  0.198829E+08  0.198829E+08  0.245894E+08  0.245468E+08  0.000000E+00  0.198829E+08
  0.139877E-03  0.198793E+08  0.198792E+08  0.241793E+08  0.241280E+08  0.000000E+00  0.198793E+08
  0.154517E-03  0.198749E+08  0.198748E+08  0.236874E+08  0.236258E+08  0.000000E+00  0.198749E+08
  0.170690E-03  0.198695E+08  0.198694E+08  0.230996E+08  0.230259E+08  0.000000E+00  0.198695E+08
  0.188556E-03  0.198630E+08  0.198628E+08  0.224005E+08  0.223127E+08  0.000000E+00  0.198630E+08
  0.208292E-03  0.198550E+08  0.198549E+08  0.215740E+08  0.214699E+08  0.000000E+00  0.198550E+08
  0.230093E-03  0.198454E+08  0.198452E+08  0.206036E+08  0.204810E+08  0.000000E+00  0.198454E+08
  0.254176E-03  0.198337E+08  0.198334E+08  0.194742E+08  0.193310E+08  0.000000E+00  0.198336E+08
  0.280780E-03  0.198195E+08  0.198192E+08  0.181740E+08  0.180084E+08  0.000000E+00  0.198195E+08
  0.310168E-03  0.198024E+08  0.198020E+08  0.166971E+08  0.165079E+08  0.000000E+00  0.198023E+08
  0.342633E-03  0.197816E+08  0.197812E+08  0.150472E+08  0.148342E+08  0.000000E+00  0.197816E+08
  0.378495E-03  0.197567E+08  0.197561E+08  0.132422E+08  0.130067E+08  0.000000E+00  0.197566E+08
  0.418111E-03  0.197267E+08  0.197261E+08  0.113184E+08  0.110640E+08  0.000000E+00  0.197266E+08
  0.461874E-03  0.196909E+08  0.196901E+08  0.933494E+07  0.906779E+07  0.000000E+00  0.196907E+08
  0.510217E-03  0.196481E+08  0.196472E+08  0.737502E+07  0.710414E+07  0.000000E+00  0.196480E+08
  0.563620E-03  0.195974E+08  0.195964E+08  0.554191E+07  0.527898E+07  0.000000E+00  0.195973E+08
  0.622613E-03  0.195378E+08  0.195365E+08  0.394715E+07  0.370533E+07  0.000000E+00  0.195376E+08
  0.687780E-03  0.194681E+08  0.194667E+08  0.268842E+07  0.248006E+07  0.000000E+00  0.194679E+08
  0.759768E-03  0.193876E+08  0.193859E+08  0.181902E+07  0.165242E+07  0.000000E+00  0.193873E+08
  0.839291E-03  0.192957E+08  0.192939E+08  0.131816E+07  0.119418E+07  0.000000E+00  0.192954E+08
  0.927138E-03  0.191925E+08  0.191905E+08  0.108011E+07  0.990414E+06  0.000000E+00  0.191922E+08
  0.102418E-02  0.190787E+08  0.190765E+08  0.943969E+06  0.873222E+06  0.000000E+00  0.190783E+08
  0.113138E-02  0.189556E+08  0.189532E+08  0.770453E+06  0.703293E+06  0.000000E+00  0.189552E+08
  0.124979E-02  0.188249E+08  0.188225E+08  0.528940E+06  0.458782E+06  0.000000E+00  0.188245E+08
  0.138061E-02  0.186879E+08  0.186854E+08  0.311624E+06  0.244083E+06  0.000000E+00  0.186875E+08
  0.152511E-02  0.185443E+08  0.185417E+08  0.217888E+06  0.163377E+06  0.000000E+00  0.185439E+08
  0.168474E-02  0.183919E+08  0.183893E+08  0.208182E+06  0.000000E+00  0.000000E+00  0.183915E+08
  0.186108E-02  0.182280E+08  0.182254E+08  0.154471E+06  0.000000E+00  0.000000E+00  0.182276E+08
  0.205587E-02  0.180519E+08  0.180494E+08  0.652156E+05  0.000000E+00  0.000000E+00  0.180515E+08
  0.227106E-02  0.178652E+08  0.178626E+08  0.499413E+05  0.000000E+00  0.000000E+00  0.178648E+08
  0.250876E-02  0.176681E+08  0.176654E+08  0.493126E+05  0.000000E+00  0.000000E+00  0.176677E+08
  0.277135E-02  0.174582E+08  0.174554E+08  0.163361E+05  0.000000E+00  0.000000E+00  0.174578E+08
  0.306141E-02  0.172351E+08  0.172321E+08  0.242951E+05  0.000000E+00  0.000000E+00  0.172346E+08
  0.338185E-02  0.169991E+08  0.169960E+08  0.528906E+04  0.000000E+00  0.000000E+00  0.169986E+08
  0.373581E-02  0.167485E+08  0.167452E+08  0.495636E+04  0.000000E+00  0.000000E+00  0.167480E+08
  0.412683E-02  0.164830E+08  0.164794E+08 -0.608002E+04  0.000000E+00  0.000000E+00  0.164824E+08
  0.455878E-02  0.162014E+08  0.161974E+08 -0.158771E+04  0.000000E+00  0.000000E+00  0.162007E+08
  0.503593E-02  0.159028E+08  0.158984E+08  0.779094E+03  0.000000E+00  0.000000E+00  0.159021E+08
  0.556303E-02  0.155862E+08  0.155814E+08 -0.210853E+04  0.000000E+00  0.000000E+00  0.155855E+08
  0.614529E-02  0.152509E+08  0.152455E+08 -0.271709E+04  0.000000E+00  0.000000E+00  0.152501E+08
  0.678851E-02  0.148960E+08  0.148900E+08 -0.349991E+04  0.000000E+00  0.000000E+00  0.148951E+08
  0.749904E-02  0.145208E+08  0.145139E+08 -0.291657E+04  0.000000E+00  0.000000E+00  0.145197E+08
  0.828395E-02  0.141246E+08  0.141167E+08 -0.148592E+04  0.000000E+00  0.000000E+00  0.141233E+08
  0.915100E-02  0.137066E+08  0.136975E+08 -0.102901E+04  0.000000E+00  0.000000E+00  0.137051E+08
  0.101088E-01  0.132661E+08  0.132557E+08 -0.193932E+04  0.000000E+00  0.000000E+00  0.132645E+08
  0.111669E-01  0.128025E+08  0.127905E+08 -0.119354E+04  0.000000E+00  0.000000E+00  0.128006E+08
  0.123357E-01  0.123151E+08  0.123012E+08 -0.114774E+04  0.000000E+00  0.000000E+00  0.123129E+08
  0.136268E-01  0.118035E+08  0.117874E+08 -0.903403E+03  0.000000E+00  0.000000E+00  0.118009E+08
  0.150531E-01  0.112672E+08  0.112487E+08 -0.720908E+03  0.000000E+00  0.000000E+00  0.112643E+08
  0.166287E-01  0.107065E+08  0.106851E+08 -0.600394E+03  0.000000E+00  0.000000E+00  0.107031E+08
  0.183692E-01  0.101397E+08  0.101153E+08 -0.411346E+03  0.000000E+00  0.000000E+00  0.101359E+08
  0.202918E-01  0.953517E+07  0.950743E+07 -0.430702E+03  0.000000E+00  0.000000E+00  0.953081E+07
  0.224157E-01  0.890053E+07  0.886938E+07 -0.322402E+03  0.000000E+00  0.000000E+00  0.889563E+07
  0.247619E-01  0.826027E+07  0.822577E+07 -0.229374E+03  0.000000E+00  0.000000E+00  0.825484E+07
  0.273536E-01  0.761825E+07  0.758068E+07 -0.203873E+03  0.000000E+00  0.000000E+00  0.761234E+07
  0.302167E-01  0.697236E+07  0.693233E+07 -0.150811E+03  0.000000E+00  0.000000E+00  0.696607E+07
  0.333794E-01  0.633768E+07  0.629617E+07 -0.107222E+03  0.000000E+00  0.000000E+00  0.633115E+07
  0.368731E-01  0.573444E+07  0.569283E+07 -0.936761E+02  0.000000E+00  0.000000E+00  0.572790E+07
  0.407325E-01  0.517597E+07  0.513598E+07 -0.663742E+02  0.000000E+00  0.000000E+00  0.516968E+07
  0.449959E-01  0.467404E+07  0.463759E+07  0.000000E+00  0.000000E+00  0.000000E+00  0.466831E+07
  0.494955E-01  0.426032E+07  0.422893E+07  0.000000E+00  0.000000E+00  0.000000E+00  0.425539E+07
  0.539951E-01  0.393658E+07  0.391078E+07  0.000000E+00  0.000000E+00  0.000000E+00  0.393253E+07
  0.584947E-01  0.367443E+07  0.365398E+07  0.000000E+00  0.000000E+00  0.000000E+00  0.367121E+07
  0.629942E-01  0.345203E+07  0.343609E+07  0.000000E+00  0.000000E+00  0.000000E+00  0.344952E+07
  0.674938E-01  0.325062E+07  0.323792E+07  0.000000E+00  0.000000E+00  0.000000E+00  0.324862E+07
  0.719934E-01  0.305759E+07  0.304675E+07  0.000000E+00  0.000000E+00  0.000000E+00  0.305588E+07
  0.764930E-01  0.287083E+07  0.286057E+07  0.000000E+00  0.000000E+00  0.000000E+00  0.286922E+07
  0.809926E-01  0.268087E+07  0.267021E+07  0.000000E+00  0.000000E+00  0.000000E+00  0.267920E+07
  0.854922E-01  0.249476E+07  0.248311E+07  0.000000E+00  0.000000E+00  0.000000E+00  0.249293E+07
  0.899918E-01  0.231751E+07  0.230470E+07  0.000000E+00  0.000000E+00  0.000000E+00  0.231550E+07
  0.944914E-01  0.215412E+07  0.214036E+07  0.000000E+00  0.000000E+00  0.000000E+00  0.215195E+07
  0.100116E+00  0.197581E+07  0.196157E+07  0.000000E+00  0.000000E+00  0.000000E+00  0.197357E+07
  0.105741E+00  0.183110E+07  0.181733E+07  0.000000E+00  0.000000E+00  0.000000E+00  0.182893E+07
  0.111365E+00  0.171933E+07  0.170690E+07  0.000000E+00  0.000000E+00  0.000000E+00  0.171738E+07
  0.116990E+00  0.163347E+07  0.162291E+07  0.000000E+00  0.000000E+00  0.000000E+00  0.163181E+07
  0.122615E+00  0.156338E+07  0.155478E+07  0.000000E+00  0.000000E+00  0.000000E+00  0.156203E+07
  0.128239E+00  0.149965E+07  0.149271E+07  0.000000E+00  0.000000E+00  0.000000E+00  0.149856E+07
  0.133864E+00  0.143530E+07  0.142944E+07  0.000000E+00  0.000000E+00  0.000000E+00  0.143438E+07
  0.139489E+00  0.136651E+07  0.136108E+07  0.000000E+00  0.000000E+00  0.000000E+00  0.136566E+07
  0.145114E+00  0.129311E+07  0.128757E+07  0.000000E+00  0.000000E+00  0.000000E+00  0.129224E+07
  0.150738E+00  0.121781E+07  0.121181E+07  0.000000E+00  0.000000E+00  0.000000E+00  0.121687E+07
  0.156363E+00  0.114461E+07  0.113809E+07  0.000000E+00  0.000000E+00  0.000000E+00  0.114359E+07
  0.161988E+00  0.107755E+07  0.107067E+07  0.000000E+00  0.000000E+00  0.000000E+00  0.107647E+07
  0.167612E+00  0.101979E+07  0.101285E+07  0.000000E+00  0.000000E+00  0.000000E+00  0.101870E+07
  0.173237E+00  0.972596E+06  0.965943E+06  0.000000E+00  0.000000E+00  0.000000E+00  0.971550E+06
  0.178862E+00  0.934869E+06  0.928778E+06  0.000000E+00  0.000000E+00  0.000000E+00  0.933911E+06
  0.184486E+00  0.903898E+06  0.898515E+06  0.000000E+00  0.000000E+00  0.000000E+00  0.903052E+06
  0.190111E+00  0.876577E+06  0.871897E+06  0.000000E+00  0.000000E+00  0.000000E+00  0.875841E+06
  0.195736E+00  0.850098E+06  0.845989E+06  0.000000E+00  0.000000E+00  0.000000E+00  0.849452E+06
  0.201360E+00  0.822344E+06  0.818596E+06  0.000000E+00  0.000000E+00  0.000000E+00  0.821755E+06
  0.206985E+00  0.792349E+06  0.788739E+06  0.000000E+00  0.000000E+00  0.000000E+00  0.791781E+06
  0.212610E+00  0.760491E+06  0.756840E+06  0.000000E+00  0.000000E+00  0.000000E+00  0.759917E+06
  0.218235E+00  0.728061E+06  0.724269E+06  0.000000E+00  0.000000E+00  0.000000E+00  0.727464E+06
  0.223859E+00  0.696634E+06  0.692692E+06  0.000000E+00  0.000000E+00  0.000000E+00  0.696014E+06
  0.229484E+00  0.667631E+06  0.663602E+06  0.000000E+00  0.000000E+00  0.000000E+00  0.666997E+06
  0.235109E+00  0.642008E+06  0.638003E+06  0.000000E+00  0.000000E+00  0.000000E+00  0.641378E+06
  0.240733E+00  0.620041E+06  0.616178E+06  0.000000E+00  0.000000E+00  0.000000E+00  0.619434E+06
  0.246358E+00  0.601339E+06  0.597708E+06  0.000000E+00  0.000000E+00  0.000000E+00  0.600768E+06
  0.251983E+00  0.585056E+06  0.581704E+06  0.000000E+00  0.000000E+00  0.000000E+00  0.584529E+06
  0.257607E+00  0.570126E+06  0.567048E+06  0.000000E+00  0.000000E+00  0.000000E+00  0.569642E+06
  0.263232E+00  0.555492E+06  0.552642E+06  0.000000E+00  0.000000E+00  0.000000E+00  0.555044E+06
  0.268857E+00  0.540405E+06  0.537707E+06  0.000000E+00  0.000000E+00  0.000000E+00  0.539980E+06
  0.274481E+00  0.524624E+06  0.522004E+06  0.000000E+00  0.000000E+00  0.000000E+00  0.524212E+06
  0.280106E+00  0.508360E+06  0.505754E+06  0.000000E+00  0.000000E+00  0.000000E+00  0.507950E+06
  0.285731E+00  0.492035E+06  0.489409E+06  0.000000E+00  0.000000E+00  0.000000E+00  0.491622E+06
  0.291356E+00  0.476140E+06  0.473490E+06  0.000000E+00  0.000000E+00  0.000000E+00  0.475723E+06
  0.296980E+00  0.461169E+06  0.458516E+06  0.000000E+00  0.000000E+00  0.000000E+00  0.460752E+06
  0.302605E+00  0.447499E+06  0.444879E+06  0.000000E+00  0.000000E+00  0.000000E+00  0.447087E+06
  0.308230E+00  0.435246E+06  0.432697E+06  0.000000E+00  0.000000E+00  0.000000E+00  0.434845E+06
  0.313854E+00  0.424249E+06  0.421803E+06  0.000000E+00  0.000000E+00  0.000000E+00  0.423865E+06
  0.319479E+00  0.414195E+06  0.411868E+06  0.000000E+00  0.000000E+00  0.000000E+00  0.413829E+06
  0.325104E+00  0.404735E+06  0.402526E+06  0.000000E+00  0.000000E+00  0.000000E+00  0.404388E+06
  0.330728E+00  0.395538E+06  0.393430E+06  0.000000E+00  0.000000E+00  0.000000E+00  0.395206E+06
  0.336353E+00  0.386337E+06  0.384307E+06  0.000000E+00  0.000000E+00  0.000000E+00  0.386018E+06
  0.341978E+00  0.377011E+06  0.375031E+06  0.000000E+00  0.000000E+00  0.000000E+00  0.376699E+06
  0.347602E+00  0.367598E+06  0.365648E+06  0.000000E+00  0.000000E+00  0.000000E+00  0.367292E+06
  0.353227E+00  0.358250E+06  0.356315E+06  0.000000E+00  0.000000E+00  0.000000E+00  0.357946E+06
  0.358852E+00  0.349143E+06  0.347220E+06  0.000000E+00  0.000000E+00  0.000000E+00  0.348841E+06
  0.364476E+00  0.340435E+06  0.338529E+06  0.000000E+00  0.000000E+00  0.000000E+00  0.340135E+06
  0.370101E+00  0.332242E+06  0.330365E+06  0.000000E+00  0.000000E+00  0.000000E+00  0.331947E+06
  0.375726E+00  0.324613E+06  0.322777E+06  0.000000E+00  0.000000E+00  0.000000E+00  0.324324E+06
  0.381351E+00  0.317510E+06  0.315725E+06  0.000000E+00  0.000000E+00  0.000000E+00  0.317230E+06
  0.386975E+00  0.310834E+06  0.309106E+06  0.000000E+00  0.000000E+00  0.000000E+00  0.310563E+06
  0.392600E+00  0.304465E+06  0.302794E+06  0.000000E+00  0.000000E+00  0.000000E+00  0.304203E+06
  0.398225E+00  0.298292E+06  0.296673E+06  0.000000E+00  0.000000E+00  0.000000E+00  0.298038E+06
  0.403849E+00  0.292222E+06  0.290647E+06  0.000000E+00  0.000000E+00  0.000000E+00  0.291974E+06
  0.409474E+00  0.286195E+06  0.284655E+06  0.000000E+00  0.000000E+00  0.000000E+00  0.285953E+06
  0.415099E+00  0.280210E+06  0.278697E+06  0.000000E+00  0.000000E+00  0.000000E+00  0.279972E+06
  0.420723E+00  0.274311E+06  0.272820E+06  0.000000E+00  0.000000E+00  0.000000E+00  0.274077E+06
  0.426348E+00  0.268558E+06  0.267086E+06  0.000000E+00  0.000000E+00  0.000000E+00  0.268326E+06
  0.431973E+00  0.262994E+06  0.261542E+06  0.000000E+00  0.000000E+00  0.000000E+00  0.262766E+06
  0.437597E+00  0.257653E+06  0.256223E+06  0.000000E+00  0.000000E+00  0.000000E+00  0.257428E+06
  0.443222E+00  0.252558E+06  0.251154E+06  0.000000E+00  0.000000E+00  0.000000E+00  0.252337E+06
  0.448847E+00  0.247712E+06  0.246337E+06  0.000000E+00  0.000000E+00  0.000000E+00  0.247496E+06
  0.454472E+00  0.243081E+06  0.241738E+06  0.000000E+00  0.000000E+00  0.000000E+00  0.242870E+06
  0.460096E+00  0.238618E+06  0.237306E+06  0.000000E+00  0.000000E+00  0.000000E+00  0.238411E+06
  0.465721E+00  0.234283E+06  0.233002E+06  0.000000E+00  0.000000E+00  0.000000E+00  0.234082E+06
  0.471346E+00  0.230053E+06  0.228800E+06  0.000000E+00  0.000000E+00  0.000000E+00  0.229856E+06
  0.476970E+00  0.225905E+06  0.224676E+06  0.000000E+00  0.000000E+00  0.000000E+00  0.225712E+06
  0.482595E+00  0.221822E+06  0.220614E+06  0.000000E+00  0.000000E+00  0.000000E+00  0.221632E+06
  0.488220E+00  0.217809E+06  0.216620E+06  0.000000E+00  0.000000E+00  0.000000E+00  0.217622E+06
  0.493844E+00  0.213887E+06  0.212716E+06  0.000000E+00  0.000000E+00  0.000000E+00  0.213703E+06
  0.499469E+00  0.210076E+06  0.208922E+06  0.000000E+00  0.000000E+00  0.000000E+00  0.209895E+06
  0.505094E+00  0.206383E+06  0.205246E+06  0.000000E+00  0.000000E+00  0.000000E+00  0.206204E+06
  0.510718E+00  0.202808E+06  0.201690E+06  0.000000E+00  0.000000E+00  0.000000E+00  0.202632E+06
  0.516343E+00  0.199356E+06  0.198258E+06  0.000000E+00  0.000000E+00  0.000000E+00  0.199184E+06
  0.521968E+00  0.196024E+06  0.194945E+06  0.000000E+00  0.000000E+00  0.000000E+00  0.195854E+06
  0.527592E+00  0.192796E+06  0.191737E+06  0.000000E+00  0.000000E+00  0.000000E+00  0.192629E+06
  0.533217E+00  0.189652E+06  0.188613E+06  0.000000E+00  0.000000E+00  0.000000E+00  0.189489E+06
  0.538842E+00  0.186583E+06  0.185562E+06  0.000000E+00  0.000000E+00  0.000000E+00  0.186422E+06
  0.544467E+00  0.183582E+06  0.182578E+06  0.000000E+00  0.000000E+00  0.000000E+00  0.183424E+06
  0.550091E+00  0.180645E+06  0.179657E+06  0.000000E+00  0.000000E+00  0.000000E+00  0.180489E+06
  0.555716E+00  0.177765E+06  0.176792E+06  0.000000E+00  0.000000E+00  0.000000E+00  0.177612E+06
  0.561341E+00  0.174945E+06  0.173987E+06  0.000000E+00  0.000000E+00  0.000000E+00  0.174794E+06
  0.566965E+00  0.172192E+06  0.171248E+06  0.000000E+00  0.000000E+00  0.000000E+00  0.172044E+06
  0.572590E+00  0.169512E+06  0.168581E+06  0.000000E+00  0.000000E+00  0.000000E+00  0.169366E+06
  0.578215E+00  0.166902E+06  0.165985E+06  0.000000E+00  0.000000E+00  0.000000E+00  0.166758E+06
  0.586589E+00  0.163149E+06  0.162254E+06  0.000000E+00  0.000000E+00  0.000000E+00  0.163008E+06
  0.622129E+00  0.148646E+06  0.147831E+06  0.000000E+00  0.000000E+00  0.000000E+00  0.148518E+06
  0.659823E+00  0.135318E+06  0.134576E+06  0.000000E+00  0.000000E+00  0.000000E+00  0.135201E+06
  0.699800E+00  0.123157E+06  0.122482E+06  0.000000E+00  0.000000E+00  0.000000E+00  0.123051E+06
  0.976650E+00  0.716477E+05  0.712551E+05  0.000000E+00  0.000000E+00  0.000000E+00  0.715859E+05
  0.136302E+01  0.411991E+05  0.409734E+05  0.000000E+00  0.000000E+00  0.000000E+00  0.411637E+05
  0.190225E+01  0.234540E+05  0.233254E+05  0.000000E+00  0.000000E+00  0.000000E+00  0.234338E+05
  0.265481E+01  0.132372E+05  0.131645E+05  0.000000E+00  0.000000E+00  0.000000E+00  0.132257E+05
